0.50000 1298.40000 0.00051s 0 100 50 10 0.50000 2
0.50000 1298.40000 0.00082s 0 100 50 10 0.50000 2
0.50000 1298.40000 0.00086s 0 100 50 10 0.50000 2
0.50000 1298.40000 0.00091s 0 100 50 10 0.50000 2
0.50000 1298.40000 0.00052s 0 100 50 10 0.50000 2
0.40000 1416.80000 0.00105s 0 100 50 20 0.50000 2
0.40000 1416.80000 0.00118s 0 100 50 20 0.50000 2
0.40000 1416.80000 0.00377s 0 100 50 20 0.50000 2
0.40000 1416.80000 0.00088s 0 100 50 20 0.50000 2
0.40000 1416.80000 0.00096s 0 100 50 20 0.50000 2
0.46667 1805.93333 0.00167s 0 100 50 30 0.50000 2
0.46667 1805.93333 0.00170s 0 100 50 30 0.50000 2
0.46667 1805.93333 0.00179s 0 100 50 30 0.50000 2
0.46667 1805.93333 0.00164s 0 100 50 30 0.50000 2
0.46667 1805.93333 0.00167s 0 100 50 30 0.50000 2
0.52500 1975.45000 0.00234s 0 100 50 40 0.50000 2
0.52500 1975.45000 0.00230s 0 100 50 40 0.50000 2
0.52500 1975.45000 0.00231s 0 100 50 40 0.50000 2
0.52500 1975.45000 0.00226s 0 100 50 40 0.50000 2
0.52500 1975.45000 0.00275s 0 100 50 40 0.50000 2
0.56000 1809.40000 0.00329s 0 100 50 50 0.50000 2
0.56000 1809.40000 0.00255s 0 100 50 50 0.50000 2
0.56000 1809.40000 0.00251s 0 100 50 50 0.50000 2
0.56000 1809.40000 0.00253s 0 100 50 50 0.50000 2
0.56000 1809.40000 0.00253s 0 100 50 50 0.50000 2
0.56000 2047.50000 0.00576s 0 100 50 100 0.50000 2
0.56000 2047.50000 0.00706s 0 100 50 100 0.50000 2
0.56000 2047.50000 0.00589s 0 100 50 100 0.50000 2
0.56000 2047.50000 0.00566s 0 100 50 100 0.50000 2
0.56000 2047.50000 0.00629s 0 100 50 100 0.50000 2
0.54667 2128.04000 0.00953s 0 100 50 150 0.50000 2
0.54667 2128.04000 0.00867s 0 100 50 150 0.50000 2
0.54667 2128.04000 0.00894s 0 100 50 150 0.50000 2
0.54667 2128.04000 0.00954s 0 100 50 150 0.50000 2
0.54667 2128.04000 0.00863s 0 100 50 150 0.50000 2
0.51500 2224.93000 0.01371s 0 100 50 200 0.50000 2
0.51500 2224.93000 0.01340s 0 100 50 200 0.50000 2
0.51500 2224.93000 0.01315s 0 100 50 200 0.50000 2
0.51500 2224.93000 0.01226s 0 100 50 200 0.50000 2
0.51500 2224.93000 0.01253s 0 100 50 200 0.50000 2
0.50800 2412.87600 0.03477s 0 100 50 500 0.50000 2
0.50800 2412.87600 0.03300s 0 100 50 500 0.50000 2
0.50800 2412.87600 0.03327s 0 100 50 500 0.50000 2
0.50800 2412.87600 0.03306s 0 100 50 500 0.50000 2
0.50800 2412.87600 0.03335s 0 100 50 500 0.50000 2
0.50300 2464.01400 0.06414s 0 100 50 1000 0.50000 2
0.50300 2464.01400 0.06452s 0 100 50 1000 0.50000 2
0.50300 2464.01400 0.06810s 0 100 50 1000 0.50000 2
0.50300 2464.01400 0.06562s 0 100 50 1000 0.50000 2
0.50300 2464.01400 0.06672s 0 100 50 1000 0.50000 2
0.49700 2535.85500 0.13600s 0 100 50 2000 0.50000 2
0.53650 2497.80800 0.13354s 0 100 50 2000 0.50000 2
0.53650 2497.80800 0.13797s 0 100 50 2000 0.50000 2
0.53650 2497.80800 0.13810s 0 100 50 2000 0.50000 2
0.53650 2497.80800 0.13877s 0 100 50 2000 0.50000 2
0.50360 2463.52840 0.32090s 0 100 50 5000 0.50000 2
0.50360 2463.52840 0.33060s 0 100 50 5000 0.50000 2
0.49380 2517.17920 0.33070s 0 100 50 5000 0.50000 2
0.49380 2517.17920 0.35505s 0 100 50 5000 0.50000 2
0.49380 2517.17920 0.33848s 0 100 50 5000 0.50000 2
0.49990 2488.38640 0.69139s 0 100 50 10000 0.50000 2
0.49990 2488.38640 0.67158s 0 100 50 10000 0.50000 2
0.49620 2497.77700 0.70199s 0 100 50 10000 0.50000 2
0.50600 2532.84340 0.74164s 0 100 50 10000 0.50000 2
0.50590 2506.88120 0.67929s 0 100 50 10000 0.50000 2
0.50350 2506.18092 3.36297s 0 100 50 50000 0.50000 2
0.49944 2493.53828 3.33325s 0 100 50 50000 0.50000 2
0.50148 2508.70844 3.40937s 0 100 50 50000 0.50000 2
0.49826 2504.30588 3.32856s 0 100 50 50000 0.50000 2
0.49662 2500.23328 3.38699s 0 100 50 50000 0.50000 2
0.49930 2503.68184 6.57473s 0 100 50 100000 0.50000 2
0.50045 2500.61498 6.73760s 0 100 50 100000 0.50000 2
0.50005 2508.57166 6.86793s 0 100 50 100000 0.50000 2
0.50022 2504.55632 6.53623s 0 100 50 100000 0.50000 2
0.49991 2511.88514 6.48230s 0 100 50 100000 0.50000 2
