0.49958 2511.42088 9.83137s 0 100 50 100000 0.50000 1
0.50066 2513.41372 9.78818s 0 100 50 100000 0.50000 1
0.49953 2502.56480 9.82422s 0 100 50 100000 0.50000 1
0.50070 2501.75734 9.74029s 0 100 50 100000 0.50000 1
0.50008 2502.97642 9.73887s 0 100 50 100000 0.50000 1
0.49949 2504.70312 9.81185s 0 100 50 100000 0.50000 1
0.50024 2506.64796 9.67644s 0 100 50 100000 0.50000 1
0.50045 2498.59144 9.66470s 0 100 50 100000 0.50000 1
0.50039 2500.52462 9.64643s 0 100 50 100000 0.50000 1
0.50046 2513.21686 9.79953s 0 100 50 100000 0.50000 1
0.50014 2513.98640 6.48621s 0 100 50 100000 0.50000 2
0.49936 2510.02576 6.63166s 0 100 50 100000 0.50000 2
0.49977 2503.58438 6.44900s 0 100 50 100000 0.50000 2
0.49985 2506.49628 6.45043s 0 100 50 100000 0.50000 2
0.49915 2506.50424 6.63051s 0 100 50 100000 0.50000 2
0.49982 2510.20098 6.64945s 0 100 50 100000 0.50000 2
0.49942 2505.55812 6.46586s 0 100 50 100000 0.50000 2
0.49956 2502.03820 6.61854s 0 100 50 100000 0.50000 2
0.49984 2506.46632 6.62193s 0 100 50 100000 0.50000 2
0.50009 2502.47816 7.24407s 0 100 50 100000 0.50000 2
0.49692 2503.30344 5.38767s 0 100 50 100000 0.50000 4
0.49804 2507.52102 5.39515s 0 100 50 100000 0.50000 4
0.50203 2498.73460 5.38782s 0 100 50 100000 0.50000 4
0.50122 2505.63838 5.65921s 0 100 50 100000 0.50000 4
0.50163 2508.48992 5.69539s 0 100 50 100000 0.50000 4
0.49979 2494.30278 5.39201s 0 100 50 100000 0.50000 4
0.50075 2496.97776 5.63768s 0 100 50 100000 0.50000 4
0.49724 2503.62176 5.63885s 0 100 50 100000 0.50000 4
0.49988 2502.05006 5.63270s 0 100 50 100000 0.50000 4
0.50008 2507.82820 5.38810s 0 100 50 100000 0.50000 4
0.49905 2507.06358 5.26791s 0 100 50 100000 0.50000 8
0.49715 2506.91362 5.30050s 0 100 50 100000 0.50000 8
0.50023 2501.88308 5.45169s 0 100 50 100000 0.50000 8
0.50162 2508.23574 5.28834s 0 100 50 100000 0.50000 8
0.50276 2508.22080 5.63609s 0 100 50 100000 0.50000 8
0.50394 2501.73824 5.28518s 0 100 50 100000 0.50000 8
0.49834 2508.25460 5.63958s 0 100 50 100000 0.50000 8
0.50295 2503.71456 5.27793s 0 100 50 100000 0.50000 8
0.49753 2497.34128 5.61033s 0 100 50 100000 0.50000 8
0.50248 2499.91556 5.26893s 0 100 50 100000 0.50000 8
0.50175 2496.24268 5.60084s 0 100 50 100000 0.50000 16
0.49827 2510.81618 5.27338s 0 100 50 100000 0.50000 16
0.50163 2503.54194 5.65355s 0 100 50 100000 0.50000 16
0.49647 2504.72232 5.63357s 0 100 50 100000 0.50000 16
0.49965 2503.85286 5.62603s 0 100 50 100000 0.50000 16
0.49957 2504.15426 5.26956s 0 100 50 100000 0.50000 16
0.49992 2514.34396 5.66159s 0 100 50 100000 0.50000 16
0.49958 2496.41492 5.60195s 0 100 50 100000 0.50000 16
0.49946 2501.48152 5.60888s 0 100 50 100000 0.50000 16
0.49789 2503.02010 5.61909s 0 100 50 100000 0.50000 16
